timestamp,open,high,close,low,volume,price_change,p_change,ma5,ma10,ma20,v_ma5,v_ma10,v_ma20,turnover
2019-07-10 13:55:00,3.35,3.35,3.34,3.34,445.0,-0.01,-0.3,3.352,3.351,3.3525,479.2,410.2,449.9,0.01
2019-07-10 14:00:00,3.34,3.35,3.35,3.34,1575.0,0.01,0.3,3.35,3.351,3.352,683.4,565.6,525.8,0.02
2019-07-10 14:05:00,3.35,3.36,3.36,3.35,1312.0,0.01,0.3,3.352,3.352,3.3525,855.2,608.8,487.3,0.02
2019-07-10 14:10:00,3.36,3.36,3.36,3.35,1483.0,0.0,0.0,3.352,3.353,3.353,1014.2,743.4,543.15,0.02
2019-07-10 14:15:00,3.36,3.37,3.35,3.35,774.0,-0.01,-0.3,3.352,3.353,3.3525,1117.8,790.0,555.15,0.01
2019-07-10 14:20:00,3.36,3.36,3.35,3.35,929.0,-0.01,-0.3,3.354,3.353,3.352,1214.6,846.9,580.8,0.01
2019-07-10 14:25:00,3.35,3.36,3.35,3.35,1478.0,0.0,0.0,3.354,3.352,3.352,1195.2,939.3,641.55,0.02
2019-07-10 14:30:00,3.35,3.37,3.37,3.35,1133.04,0.02,0.6,3.356,3.354,3.353,1159.41,1007.3,682.35,0.01
2019-07-10 14:35:00,3.37,3.37,3.35,3.35,434.96,-0.02,-0.59,3.354,3.353,3.353,949.8,982.0,693.45,0.01
2019-07-10 14:40:00,3.35,3.36,3.35,3.35,974.0,0.0,0.0,3.354,3.353,3.3525,989.8,1053.8,716.65,0.01
2019-07-10 14:45:00,3.35,3.39,3.39,3.35,8658.04,0.04,1.19,3.362,3.358,3.3545,2535.61,1875.1,1142.65,0.1
2019-07-10 14:50:00,3.39,3.43,3.42,3.39,15093.0,0.03,0.88,3.376,3.365,3.358,5258.61,3226.9,1896.25,0.18
2019-07-10 14:55:00,3.42,3.42,3.4,3.4,4246.22,-0.02,-0.58,3.382,3.369,3.3605,5881.24,3520.33,2064.56,0.05
2019-07-10 15:00:00,3.4,3.41,3.4,3.39,1056.0,0.0,0.0,3.392,3.373,3.363,6005.45,3477.63,2110.51,0.01
2019-07-11 09:35:00,3.4,3.42,3.41,3.4,2346.0,0.01,0.29,3.404,3.379,3.366,6279.85,3634.83,2212.41,0.03
2019-07-11 09:40:00,3.41,3.41,3.39,3.38,1473.0,-0.02,-0.59,3.404,3.383,3.368,4842.84,3689.23,2268.06,0.02
2019-07-11 09:45:00,3.39,3.39,3.39,3.39,348.0,0.0,0.0,3.398,3.387,3.3695,1893.84,3576.23,2257.76,0.0
2019-07-11 09:50:00,3.39,3.4,3.4,3.39,2236.0,0.01,0.29,3.398,3.39,3.372,1491.8,3686.52,2346.91,0.03
2019-07-11 09:55:00,3.4,3.41,3.41,3.4,1610.0,0.01,0.29,3.4,3.396,3.3745,1602.6,3804.03,2393.01,0.02
2019-07-11 10:00:00,3.41,3.42,3.42,3.4,2178.0,0.01,0.29,3.402,3.403,3.378,1569.0,3924.43,2489.11,0.03
2019-07-11 10:05:00,3.42,3.42,3.42,3.41,438.0,0.0,0.0,3.408,3.406,3.382,1362.0,3102.42,2488.76,0.01
2019-07-11 10:10:00,3.42,3.43,3.42,3.41,1753.0,0.0,0.0,3.414,3.406,3.3855,1643.0,1768.42,2497.66,0.02
2019-07-11 10:15:00,3.42,3.42,3.41,3.4,1448.0,-0.01,-0.29,3.416,3.407,3.388,1485.4,1488.6,2504.46,0.02
2019-07-11 10:20:00,3.41,3.41,3.41,3.4,639.0,0.0,0.0,3.416,3.408,3.3905,1291.2,1446.9,2462.26,0.01
2019-07-11 10:25:00,3.41,3.41,3.4,3.4,1072.0,-0.01,-0.29,3.412,3.407,3.393,1070.0,1319.5,2477.16,0.01
2019-07-11 10:30:00,3.4,3.41,3.4,3.4,1374.0,0.0,0.0,3.408,3.408,3.3955,1257.2,1309.6,2499.41,0.02
2019-07-11 10:35:00,3.4,3.4,3.39,3.39,1614.0,-0.01,-0.29,3.402,3.408,3.3975,1229.4,1436.2,2506.21,0.02
2019-07-11 10:40:00,3.39,3.4,3.39,3.39,482.0,0.0,0.0,3.398,3.407,3.3985,1036.2,1260.8,2473.66,0.01
2019-07-11 10:45:00,3.39,3.4,3.39,3.39,163.0,0.0,0.0,3.394,3.405,3.4005,941.0,1116.1,2460.06,0.0
2019-07-11 10:50:00,3.39,3.4,3.4,3.39,108.0,0.01,0.29,3.394,3.403,3.403,748.2,909.1,2416.76,0.0
2019-07-11 10:55:00,3.4,3.4,3.39,3.39,1645.0,-0.01,-0.29,3.392,3.4,3.403,802.4,1029.8,2066.11,0.02
2019-07-11 11:00:00,3.39,3.4,3.4,3.39,523.0,0.01,0.29,3.394,3.398,3.402,584.2,906.8,1337.61,0.01
2019-07-11 11:05:00,3.4,3.4,3.4,3.39,163.0,0.0,0.0,3.396,3.397,3.402,520.4,778.3,1133.45,0.0
2019-07-11 11:10:00,3.4,3.41,3.4,3.39,173.0,0.0,0.0,3.398,3.396,3.402,522.4,731.7,1089.3,0.0
2019-07-11 11:15:00,3.4,3.4,3.4,3.39,29.0,0.0,0.0,3.398,3.396,3.4015,506.6,627.4,973.45,0.0
2019-07-11 11:20:00,3.4,3.4,3.38,3.38,1269.0,-0.02,-0.59,3.396,3.394,3.401,431.4,616.9,963.25,0.02
2019-07-11 11:25:00,3.39,3.39,3.38,3.38,311.0,-0.01,-0.29,3.392,3.393,3.4005,389.0,486.6,961.4,0.0
2019-07-11 11:30:00,3.38,3.39,3.39,3.38,109.0,0.01,0.3,3.39,3.393,3.4,378.2,449.3,855.05,0.0
2019-07-11 13:05:00,3.39,3.39,3.38,3.38,152.0,-0.01,-0.29,3.386,3.392,3.3985,374.0,448.2,782.15,0.0
2019-07-11 13:10:00,3.38,3.39,3.38,3.38,438.0,0.0,0.0,3.382,3.39,3.3965,455.8,481.2,695.15,0.01
2019-07-11 13:15:00,3.38,3.39,3.38,3.38,268.0,0.0,0.0,3.382,3.389,3.3945,255.6,343.5,686.65,0.0
2019-07-11 13:20:00,3.38,3.39,3.39,3.38,867.0,0.01,0.3,3.384,3.388,3.393,366.8,377.9,642.35,0.01
2019-07-11 13:25:00,3.39,3.39,3.38,3.38,49.0,-0.01,-0.29,3.382,3.386,3.3915,354.8,366.5,572.4,0.0
2019-07-11 13:30:00,3.38,3.39,3.38,3.38,206.0,0.0,0.0,3.382,3.384,3.39,365.6,369.8,550.75,0.0
2019-07-11 13:35:00,3.38,3.39,3.38,3.38,423.0,0.0,0.0,3.382,3.382,3.389,362.6,409.2,518.3,0.01
2019-07-11 13:40:00,3.38,3.39,3.39,3.38,172.0,0.01,0.3,3.384,3.383,3.3885,343.4,299.5,458.2,0.0
2019-07-11 13:45:00,3.39,3.39,3.38,3.38,237.0,-0.01,-0.29,3.382,3.383,3.388,217.4,292.1,389.35,0.0
2019-07-11 13:50:00,3.38,3.38,3.37,3.37,2332.0,-0.01,-0.3,3.38,3.381,3.387,674.0,514.4,481.85,0.03
2019-07-11 13:55:00,3.37,3.37,3.37,3.36,1233.0,0.0,0.0,3.378,3.38,3.386,879.4,622.5,535.35,0.01
2019-07-11 14:00:00,3.37,3.38,3.37,3.37,66.0,0.0,0.0,3.376,3.379,3.3845,808.0,585.3,533.25,0.0
2019-07-11 14:05:00,3.37,3.37,3.36,3.36,437.0,-0.01,-0.3,3.37,3.377,3.383,861.0,602.2,472.85,0.01
2019-07-11 14:10:00,3.36,3.37,3.36,3.36,1495.0,0.0,0.0,3.366,3.374,3.381,1112.6,665.0,521.45,0.02
2019-07-11 14:15:00,3.36,3.36,3.36,3.35,1618.0,0.0,0.0,3.364,3.372,3.379,969.8,821.9,594.2,0.02
2019-07-11 14:20:00,3.36,3.37,3.37,3.36,905.0,0.01,0.3,3.364,3.371,3.3775,904.2,891.8,630.8,0.01
2019-07-11 14:25:00,3.37,3.37,3.37,3.36,636.0,0.0,0.0,3.364,3.37,3.376,1018.2,913.1,661.15,0.01
2019-07-11 14:30:00,3.37,3.37,3.36,3.36,978.0,-0.01,-0.3,3.364,3.367,3.375,1126.4,993.7,646.6,0.01
2019-07-11 14:35:00,3.36,3.36,3.36,3.36,836.0,0.0,0.0,3.364,3.365,3.374,994.6,1053.6,672.85,0.01
2019-07-11 14:40:00,3.36,3.37,3.36,3.36,425.0,0.0,0.0,3.364,3.364,3.3725,756.0,862.9,688.65,0.01
2019-07-11 14:45:00,3.36,3.36,3.35,3.34,4672.0,-0.01,-0.3,3.36,3.362,3.371,1509.4,1206.8,914.65,0.06
2019-07-11 14:50:00,3.35,3.36,3.35,3.35,923.0,0.0,0.0,3.356,3.36,3.3695,1566.8,1292.5,938.9,0.01
2019-07-11 14:55:00,3.35,3.36,3.36,3.35,2245.0,0.01,0.3,3.356,3.36,3.3685,1820.2,1473.3,1037.75,0.03
2019-07-11 15:00:00,3.36,3.36,3.36,3.35,499.0,0.0,0.0,3.356,3.36,3.367,1752.8,1373.7,1019.35,0.01
2019-07-12 09:35:00,3.35,3.37,3.37,3.35,466.49,0.02,0.6,3.358,3.361,3.3665,1761.1,1258.55,1040.22,0.01
2019-07-12 09:40:00,3.37,3.37,3.37,3.36,326.0,0.0,0.0,3.362,3.361,3.366,891.9,1200.65,1046.22,0.0
2019-07-12 09:45:00,3.36,3.36,3.36,3.35,504.0,0.0,0.0,3.364,3.36,3.365,808.1,1187.45,1050.27,0.01
2019-07-12 09:50:00,3.36,3.36,3.35,3.34,1394.51,-0.01,-0.3,3.362,3.359,3.363,638.0,1229.1,1111.4,0.02
2019-07-12 09:55:00,3.35,3.36,3.36,3.35,809.0,0.01,0.3,3.362,3.359,3.362,700.0,1226.4,1140.0,0.01
2019-07-12 10:00:00,3.35,3.36,3.36,3.35,1015.0,0.01,0.3,3.36,3.359,3.3615,809.7,1285.4,1074.15,0.01
2019-07-12 10:05:00,3.36,3.37,3.36,3.36,957.0,0.0,0.0,3.358,3.36,3.361,935.9,913.9,1060.35,0.01
2019-07-12 10:10:00,3.36,3.37,3.37,3.36,270.0,0.01,0.3,3.36,3.362,3.361,889.1,848.6,1070.55,0.0
2019-07-12 10:15:00,3.37,3.37,3.37,3.36,180.0,0.0,0.0,3.364,3.363,3.3615,646.2,642.1,1057.7,0.0
2019-07-12 10:20:00,3.37,3.37,3.36,3.36,277.0,-0.01,-0.3,3.364,3.363,3.3615,539.8,619.9,996.8,0.0
2019-07-12 10:25:00,3.36,3.37,3.36,3.36,163.0,0.0,0.0,3.364,3.362,3.3615,369.4,589.55,924.05,0.0
2019-07-12 10:30:00,3.36,3.36,3.35,3.35,724.0,-0.01,-0.3,3.362,3.36,3.3605,322.8,629.35,915.0,0.01
2019-07-12 10:35:00,3.35,3.36,3.35,3.35,188.0,0.0,0.0,3.358,3.359,3.3595,306.4,597.75,892.6,0.0
2019-07-12 10:40:00,3.35,3.35,3.35,3.35,245.0,0.0,0.0,3.354,3.359,3.359,319.4,482.8,855.95,0.0
2019-07-12 10:45:00,3.35,3.36,3.36,3.35,174.0,0.01,0.3,3.354,3.359,3.359,298.8,419.3,822.85,0.0
2019-07-12 10:50:00,3.36,3.36,3.35,3.35,289.0,-0.01,-0.3,3.352,3.358,3.3585,324.0,346.7,816.05,0.0
2019-07-12 10:55:00,3.35,3.36,3.35,3.35,1154.0,0.0,0.0,3.352,3.357,3.3585,410.0,366.4,640.15,0.01
2019-07-12 11:00:00,3.35,3.35,3.35,3.35,54.0,0.0,0.0,3.352,3.355,3.3585,383.2,344.8,596.7,0.0
2019-07-12 11:05:00,3.35,3.36,3.35,3.35,65.0,0.0,0.0,3.352,3.353,3.358,347.2,333.3,487.7,0.0
2019-07-12 11:10:00,3.35,3.36,3.36,3.35,730.0,0.01,0.3,3.352,3.353,3.358,458.4,378.6,499.25,0.01
2019-07-12 11:15:00,3.36,3.36,3.35,3.35,201.0,-0.01,-0.3,3.352,3.352,3.357,440.8,382.4,485.98,0.0
2019-07-12 11:20:00,3.35,3.36,3.36,3.35,346.0,0.01,0.3,3.354,3.353,3.3565,279.2,344.6,486.98,0.0
2019-07-12 11:25:00,3.36,3.37,3.35,3.35,158.0,-0.01,-0.3,3.354,3.353,3.356,300.0,341.6,469.68,0.0
2019-07-12 11:30:00,3.35,3.36,3.36,3.35,46.0,0.01,0.3,3.356,3.354,3.3565,296.2,321.7,402.25,0.0
2019-07-12 13:05:00,3.36,3.36,3.36,3.36,369.0,0.0,0.0,3.356,3.354,3.3565,224.0,341.2,380.25,0.0
2019-07-12 13:10:00,3.36,3.37,3.37,3.36,1221.0,0.01,0.3,3.36,3.356,3.357,428.0,434.4,390.55,0.01
2019-07-12 13:15:00,3.37,3.37,3.36,3.36,10.0,-0.01,-0.3,3.36,3.357,3.357,360.8,320.0,343.2,0.0
2019-07-12 13:20:00,3.36,3.36,3.35,3.35,1170.0,-0.01,-0.3,3.36,3.357,3.356,563.2,431.6,388.2,0.01
2019-07-12 13:25:00,3.35,3.36,3.36,3.35,302.0,0.01,0.3,3.36,3.358,3.3555,614.4,455.3,394.3,0.0
2019-07-12 13:30:00,3.36,3.36,3.35,3.35,127.0,-0.01,-0.3,3.358,3.357,3.355,566.0,395.0,386.8,0.0
2019-07-12 13:35:00,3.35,3.36,3.36,3.35,203.0,0.01,0.3,3.356,3.358,3.355,362.4,395.2,388.8,0.0
2019-07-12 13:40:00,3.36,3.36,3.36,3.36,370.0,0.0,0.0,3.356,3.358,3.3555,434.4,397.6,371.1,0.0
2019-07-12 13:45:00,3.36,3.37,3.36,3.35,127.0,0.0,0.0,3.358,3.359,3.356,225.8,394.5,368.05,0.0
2019-07-12 13:50:00,3.36,3.36,3.36,3.36,34.0,0.0,0.0,3.358,3.359,3.3565,172.2,393.3,357.5,0.0
2019-07-12 13:55:00,3.36,3.37,3.36,3.36,336.0,0.0,0.0,3.36,3.359,3.3565,214.0,390.0,365.6,0.0
2019-07-12 14:00:00,3.36,3.36,3.36,3.36,31.0,0.0,0.0,3.36,3.358,3.357,179.6,271.0,352.7,0.0
2019-07-12 14:05:00,3.36,3.37,3.36,3.36,719.0,0.0,0.0,3.36,3.358,3.3575,249.4,341.9,330.95,0.01
2019-07-12 14:10:00,3.36,3.37,3.36,3.36,488.0,0.0,0.0,3.36,3.359,3.358,321.6,273.7,352.65,0.01
2019-07-12 14:15:00,3.36,3.37,3.36,3.36,108.0,0.0,0.0,3.36,3.359,3.3585,336.4,254.3,354.8,0.0
2019-07-12 14:20:00,3.36,3.37,3.37,3.36,152.0,0.01,0.3,3.362,3.361,3.359,299.6,256.8,325.9,0.0
2019-07-12 14:25:00,3.37,3.37,3.36,3.36,33.0,-0.01,-0.3,3.362,3.361,3.3595,300.0,239.8,317.5,0.0
2019-07-12 14:30:00,3.36,3.37,3.36,3.36,591.0,0.0,0.0,3.362,3.361,3.3595,274.4,261.9,329.75,0.01
2019-07-12 14:35:00,3.37,3.38,3.37,3.37,1176.0,0.0,0.0,3.364,3.362,3.3605,412.0,366.8,380.65,0.01
2019-07-12 14:40:00,3.37,3.37,3.37,3.37,207.0,0.0,0.0,3.366,3.363,3.361,431.8,384.1,388.7,0.0
2019-07-12 14:45:00,3.37,3.38,3.37,3.37,1562.0,0.0,0.0,3.366,3.364,3.3615,713.8,506.7,448.35,0.02
2019-07-12 14:50:00,3.37,3.38,3.37,3.37,185.0,0.0,0.0,3.368,3.365,3.3615,744.2,522.1,396.55,0.0
2019-07-12 14:55:00,3.37,3.37,3.37,3.36,836.0,0.0,0.0,3.37,3.366,3.362,793.2,533.8,437.85,0.01
2019-07-12 15:00:00,3.37,3.37,3.37,3.36,295.0,0.0,0.0,3.37,3.367,3.363,617.0,514.5,394.1,0.0
2019-07-15 09:35:00,3.36,3.36,3.33,3.33,1807.49,-0.03,-0.89,3.362,3.364,3.3615,937.1,684.45,469.37,0.02
2019-07-15 09:40:00,3.33,3.34,3.33,3.33,1008.0,0.0,0.0,3.354,3.36,3.3605,826.3,770.05,513.42,0.01
2019-07-15 09:45:00,3.34,3.34,3.33,3.33,647.0,-0.01,-0.3,3.346,3.357,3.359,918.7,831.45,535.62,0.01
2019-07-15 09:50:00,3.33,3.34,3.32,3.32,3896.51,-0.01,-0.3,3.336,3.353,3.357,1530.8,1162.0,711.95,0.05
2019-07-15 09:55:00,3.32,3.35,3.35,3.32,1932.0,0.03,0.9,3.332,3.351,3.3565,1858.2,1237.6,802.2,0.02
2019-07-15 10:00:00,3.35,3.36,3.36,3.35,357.0,0.01,0.3,3.338,3.35,3.3565,1568.1,1252.6,818.35,0.0
2019-07-15 10:05:00,3.36,3.36,3.36,3.35,500.0,0.0,0.0,3.344,3.349,3.3565,1466.5,1146.4,826.55,0.01
2019-07-15 10:10:00,3.36,3.36,3.35,3.34,937.0,-0.01,-0.3,3.348,3.347,3.356,1524.5,1221.6,871.85,0.01
2019-07-15 10:15:00,3.35,3.35,3.34,3.34,670.0,-0.01,-0.3,3.352,3.344,3.355,879.2,1205.0,869.4,0.01
2019-07-15 10:20:00,3.34,3.34,3.34,3.33,1144.0,0.0,0.0,3.35,3.341,3.354,721.6,1289.9,902.2,0.01
2019-07-15 10:25:00,3.34,3.35,3.35,3.33,1073.0,0.01,0.3,3.348,3.343,3.3535,864.8,1216.45,950.45,0.01
2019-07-15 10:30:00,3.35,3.35,3.35,3.34,167.0,0.0,0.0,3.346,3.345,3.3525,798.2,1132.35,951.2,0.0
2019-07-15 10:35:00,3.35,3.37,3.36,3.35,1368.0,0.01,0.3,3.348,3.348,3.3525,884.4,1204.45,1017.95,0.02
2019-07-15 10:40:00,3.36,3.36,3.36,3.36,303.0,0.0,0.0,3.352,3.352,3.3525,811.0,845.1,1003.55,0.0
2019-07-15 10:45:00,3.36,3.36,3.36,3.36,130.0,0.0,0.0,3.356,3.353,3.352,608.2,664.9,951.25,0.0
2019-07-15 10:50:00,3.36,3.36,3.36,3.36,121.0,0.0,0.0,3.358,3.353,3.3515,417.8,641.3,946.95,0.0
2019-07-15 10:55:00,3.36,3.37,3.37,3.36,314.0,0.01,0.3,3.362,3.354,3.3515,447.2,622.7,884.55,0.0
2019-07-15 11:00:00,3.37,3.37,3.36,3.36,118.0,-0.01,-0.3,3.362,3.355,3.351,197.2,540.8,881.2,0.0
2019-07-15 11:05:00,3.36,3.37,3.37,3.36,50.0,0.01,0.3,3.364,3.358,3.351,146.6,478.8,841.9,0.0
2019-07-15 11:10:00,3.37,3.38,3.37,3.36,1447.0,0.0,0.0,3.366,3.361,3.351,410.0,509.1,899.5,0.02
2019-07-15 11:15:00,3.37,3.38,3.38,3.37,268.0,0.01,0.3,3.37,3.364,3.3535,439.4,428.6,822.53,0.0
2019-07-15 11:20:00,3.38,3.39,3.37,3.37,740.0,-0.01,-0.3,3.37,3.366,3.3555,524.6,485.9,809.13,0.01
2019-07-15 11:25:00,3.37,3.39,3.38,3.37,216.0,0.01,0.3,3.374,3.368,3.358,544.2,370.7,787.58,0.0
2019-07-15 11:30:00,3.38,3.39,3.39,3.38,1222.0,0.01,0.3,3.378,3.371,3.3615,778.6,462.6,653.85,0.01
2019-07-15 13:05:00,3.39,3.39,3.38,3.38,312.0,-0.01,-0.29,3.38,3.373,3.363,551.6,480.8,572.85,0.0
2019-07-15 13:10:00,3.38,3.39,3.38,3.38,957.0,0.0,0.0,3.38,3.375,3.364,689.4,564.4,602.85,0.01
2019-07-15 13:15:00,3.38,3.38,3.38,3.38,532.0,0.0,0.0,3.382,3.376,3.365,647.8,586.2,604.45,0.01
2019-07-15 13:20:00,3.38,3.39,3.38,3.37,342.0,0.0,0.0,3.382,3.378,3.3665,673.0,608.6,574.7,0.0
2019-07-15 13:25:00,3.38,3.38,3.38,3.37,220.0,0.0,0.0,3.38,3.379,3.3685,472.6,625.6,552.2,0.0
2019-07-15 13:30:00,3.38,3.38,3.37,3.36,2126.0,-0.01,-0.3,3.378,3.379,3.37,835.4,693.5,601.3,0.03
2019-07-15 13:35:00,3.37,3.38,3.37,3.37,576.0,0.0,0.0,3.376,3.378,3.371,759.2,724.3,576.45,0.01
2019-07-15 13:40:00,3.37,3.37,3.36,3.36,2140.0,-0.01,-0.3,3.372,3.377,3.3715,1080.8,864.3,675.1,0.03
2019-07-15 13:45:00,3.36,3.36,3.36,3.36,103.0,0.0,0.0,3.368,3.375,3.3715,1033.0,853.0,611.85,0.0
2019-07-15 13:50:00,3.36,3.37,3.36,3.36,385.0,0.0,0.0,3.364,3.372,3.3715,1066.0,769.3,615.95,0.0
2019-07-15 13:55:00,3.36,3.37,3.37,3.36,688.0,0.01,0.3,3.364,3.371,3.372,778.4,806.9,643.85,0.01
2019-07-15 14:00:00,3.37,3.37,3.36,3.36,13.0,-0.01,-0.3,3.362,3.369,3.372,665.8,712.5,638.45,0.0
2019-07-15 14:05:00,3.36,3.37,3.37,3.36,114.0,0.01,0.3,3.364,3.368,3.372,260.6,670.7,628.45,0.0
2019-07-15 14:10:00,3.37,3.37,3.36,3.36,189.0,-0.01,-0.3,3.364,3.366,3.372,277.8,655.4,632.0,0.0
2019-07-15 14:15:00,3.36,3.37,3.37,3.36,513.0,0.01,0.3,3.366,3.365,3.372,303.4,684.7,655.15,0.01
2019-07-15 14:20:00,3.37,3.37,3.37,3.36,1063.0,0.0,0.0,3.366,3.365,3.372,378.4,578.4,635.95,0.01
2019-07-15 14:25:00,3.37,3.37,3.36,3.36,392.0,-0.01,-0.3,3.366,3.364,3.371,454.2,560.0,642.15,0.0
2019-07-15 14:30:00,3.36,3.37,3.36,3.36,106.0,0.0,0.0,3.364,3.364,3.3705,452.6,356.6,610.45,0.0
2019-07-15 14:35:00,3.36,3.37,3.36,3.36,512.0,0.0,0.0,3.364,3.364,3.3695,517.2,397.5,625.25,0.01
2019-07-15 14:40:00,3.36,3.37,3.37,3.36,497.0,0.01,0.3,3.364,3.365,3.3685,514.0,408.7,589.0,0.01
2019-07-15 14:45:00,3.37,3.37,3.37,3.37,316.0,0.0,0.0,3.364,3.365,3.368,364.6,371.5,589.2,0.0
2019-07-15 14:50:00,3.37,3.37,3.37,3.36,5492.0,0.0,0.0,3.366,3.366,3.3675,1384.6,919.4,815.95,0.07
2019-07-15 14:55:00,3.36,3.37,3.36,3.36,2523.0,0.0,0.0,3.366,3.365,3.3665,1868.0,1160.3,915.5,0.03
2019-07-15 15:00:00,3.36,3.36,3.35,3.35,954.0,-0.01,-0.3,3.364,3.364,3.365,1956.4,1236.8,946.1,0.01
2019-07-16 09:35:00,3.37,3.37,3.37,3.36,1276.0,0.0,0.0,3.364,3.364,3.3645,2112.2,1313.1,998.9,0.02
2019-07-16 09:40:00,3.37,3.37,3.37,3.36,1224.0,0.0,0.0,3.364,3.364,3.3645,2293.8,1329.2,953.8,0.01
2019-07-16 09:45:00,3.37,3.38,3.38,3.36,1185.0,0.01,0.3,3.366,3.366,3.365,1432.4,1408.5,984.25,0.01
2019-07-16 09:50:00,3.38,3.38,3.38,3.37,1254.0,0.0,0.0,3.37,3.368,3.366,1178.6,1523.3,939.95,0.02
2019-07-16 09:55:00,3.37,3.38,3.38,3.37,708.0,0.01,0.3,3.376,3.37,3.367,1129.4,1542.9,970.2,0.01
2019-07-16 10:00:00,3.38,3.38,3.37,3.37,1093.0,-0.01,-0.3,3.376,3.37,3.3675,1092.8,1602.5,1005.6,0.01
2019-07-16 10:05:00,3.37,3.38,3.38,3.37,222.0,0.01,0.3,3.378,3.371,3.368,892.4,1593.1,982.3,0.0
2019-07-16 10:10:00,3.38,3.38,3.38,3.37,126.0,0.0,0.0,3.378,3.372,3.369,680.6,1056.5,987.95,0.0
2019-07-16 10:15:00,3.38,3.38,3.38,3.37,440.0,0.0,0.0,3.378,3.374,3.3695,517.8,848.2,1004.25,0.01
2019-07-16 10:20:00,3.38,3.38,3.37,3.37,670.0,-0.01,-0.3,3.376,3.376,3.37,510.2,819.8,1028.3,0.01
2019-07-16 10:25:00,3.37,3.4,3.4,3.37,3709.0,0.03,0.89,3.382,3.379,3.3715,1033.4,1063.1,1188.1,0.04
2019-07-16 10:30:00,3.4,3.4,3.38,3.38,1078.0,-0.02,-0.59,3.382,3.38,3.372,1204.6,1048.5,1188.85,0.01
2019-07-16 10:35:00,3.38,3.39,3.39,3.38,267.0,0.01,0.3,3.384,3.381,3.3735,1232.8,956.7,1182.6,0.0
2019-07-16 10:40:00,3.39,3.39,3.39,3.38,949.0,0.0,0.0,3.386,3.382,3.375,1334.6,926.2,1224.75,0.01
2019-07-16 10:45:00,3.39,3.39,3.38,3.38,511.0,-0.01,-0.29,3.388,3.382,3.376,1302.8,906.5,1224.7,0.01
2019-07-16 10:50:00,3.38,3.39,3.39,3.38,438.0,0.01,0.3,3.386,3.384,3.377,648.6,841.0,1221.75,0.01
2019-07-16 10:55:00,3.39,3.4,3.4,3.38,2147.0,0.01,0.29,3.39,3.386,3.3785,862.4,1033.5,1313.3,0.03
2019-07-16 11:00:00,3.4,3.4,3.4,3.39,219.0,0.0,0.0,3.392,3.388,3.38,852.8,1042.8,1049.65,0.0
2019-07-16 11:05:00,3.4,3.41,3.4,3.4,5379.0,0.0,0.0,3.394,3.39,3.382,1738.8,1536.7,1192.45,0.06
2019-07-16 11:10:00,3.4,3.4,3.4,3.39,1053.0,0.0,0.0,3.398,3.393,3.3845,1847.2,1575.0,1197.4,0.01
2019-07-16 11:15:00,3.4,3.41,3.41,3.4,475.0,0.01,0.29,3.402,3.394,3.3865,1854.6,1251.6,1157.35,0.01
2019-07-16 11:20:00,3.41,3.41,3.4,3.4,656.0,-0.01,-0.29,3.402,3.396,3.388,1556.4,1209.4,1128.95,0.01
2019-07-16 11:25:00,3.4,3.4,3.4,3.4,453.0,0.0,0.0,3.402,3.397,3.389,1603.2,1228.0,1092.35,0.01
2019-07-16 11:30:00,3.4,3.41,3.4,3.4,336.0,0.0,0.0,3.402,3.398,3.39,594.6,1166.7,1046.45,0.0
2019-07-16 13:05:00,3.4,3.4,3.4,3.4,887.0,0.0,0.0,3.402,3.4,3.391,561.4,1204.3,1055.4,0.01
2019-07-16 13:10:00,3.4,3.4,3.4,3.4,181.0,0.0,0.0,3.4,3.401,3.3925,502.6,1178.6,1009.8,0.0
2019-07-16 13:15:00,3.4,3.4,3.4,3.39,420.0,0.0,0.0,3.4,3.401,3.3935,455.4,1005.9,1019.7,0.01
2019-07-16 13:20:00,3.4,3.4,3.39,3.39,501.0,-0.01,-0.29,3.398,3.4,3.394,465.0,1034.1,1038.45,0.01
2019-07-16 13:25:00,3.39,3.39,3.39,3.39,662.0,0.0,0.0,3.396,3.399,3.3945,530.2,562.4,1049.55,0.01
2019-07-16 13:30:00,3.39,3.39,3.39,3.39,33.0,0.0,0.0,3.394,3.398,3.3955,359.4,460.4,1017.7,0.0
2019-07-16 13:35:00,3.39,3.39,3.39,3.38,314.01,0.0,0.0,3.392,3.396,3.395,386.0,444.3,847.95,0.0
2019-07-16 13:40:00,3.39,3.39,3.39,3.39,17.0,0.0,0.0,3.39,3.395,3.3955,305.4,380.4,794.9,0.0
2019-07-16 13:45:00,3.39,3.39,3.39,3.38,69.0,0.0,0.0,3.39,3.394,3.3955,219.0,342.0,785.0,0.0
2019-07-16 13:50:00,3.39,3.39,3.39,3.39,205.0,0.0,0.0,3.39,3.393,3.3955,127.6,328.9,747.8,0.0
2019-07-16 13:55:00,3.39,3.4,3.39,3.39,1905.0,0.0,0.0,3.39,3.392,3.396,502.0,430.7,817.5,0.02
2019-07-16 14:00:00,3.39,3.4,3.39,3.39,681.0,0.0,0.0,3.39,3.391,3.396,575.4,480.7,829.65,0.01
2019-07-16 14:05:00,3.39,3.4,3.4,3.39,136.0,0.01,0.29,3.392,3.391,3.396,599.2,452.3,729.1,0.0
2019-07-16 14:10:00,3.4,3.4,3.4,3.4,1383.0,0.0,0.0,3.394,3.392,3.396,862.0,540.5,787.3,0.02
2019-07-16 14:15:00,3.4,3.4,3.39,3.39,1252.0,-0.01,-0.29,3.394,3.392,3.3955,1071.4,599.5,580.95,0.02
2019-07-16 14:20:00,3.39,3.4,3.39,3.39,616.0,0.0,0.0,3.394,3.392,3.395,813.6,657.8,559.1,0.01
2019-07-16 14:25:00,3.39,3.4,3.39,3.39,645.0,0.0,0.0,3.394,3.392,3.394,806.4,690.9,567.6,0.01
2019-07-16 14:30:00,3.39,3.39,3.38,3.38,215.0,-0.01,-0.29,3.39,3.391,3.393,822.2,710.7,545.55,0.0
2019-07-16 14:35:00,3.38,3.39,3.39,3.38,1082.0,0.01,0.3,3.388,3.391,3.3925,762.0,812.0,577.0,0.01
2019-07-16 14:40:00,3.39,3.39,3.39,3.39,229.0,0.0,0.0,3.388,3.391,3.392,557.4,814.4,571.65,0.0
2019-07-16 14:45:00,3.39,3.39,3.38,3.38,405.0,-0.01,-0.29,3.386,3.39,3.391,515.2,664.4,547.55,0.0
2019-07-16 14:50:00,3.38,3.39,3.38,3.38,2680.0,0.0,0.0,3.384,3.389,3.39,922.2,864.3,672.5,0.03
2019-07-16 14:55:00,3.38,3.4,3.4,3.38,873.0,0.02,0.59,3.388,3.389,3.39,1053.8,938.0,695.15,0.01
2019-07-16 15:00:00,3.4,3.4,3.4,3.39,813.0,0.0,0.0,3.39,3.389,3.3905,1000.0,881.0,710.75,0.01
2019-07-17 09:35:00,3.4,3.41,3.41,3.4,1643.0,0.01,0.29,3.394,3.391,3.3915,1282.8,920.1,759.8,0.02
2019-07-17 09:40:00,3.41,3.42,3.42,3.41,873.0,0.01,0.29,3.402,3.394,3.393,1376.4,945.8,801.8,0.01
2019-07-17 09:45:00,3.42,3.42,3.41,3.4,1017.0,-0.01,-0.29,3.408,3.396,3.394,1043.8,983.0,836.95,0.01
2019-07-17 09:50:00,3.41,3.41,3.41,3.41,1905.0,0.0,0.0,3.41,3.399,3.395,1250.2,1152.0,931.35,0.02
2019-07-17 09:55:00,3.41,3.41,3.41,3.4,505.0,0.0,0.0,3.412,3.401,3.396,1188.6,1094.3,953.15,0.01
2019-07-17 10:00:00,3.41,3.41,3.41,3.4,1338.0,0.0,0.0,3.412,3.403,3.397,1127.6,1205.2,1009.8,0.02
2019-07-17 10:05:00,3.41,3.41,3.4,3.4,375.0,-0.01,-0.29,3.408,3.405,3.3975,1028.0,1202.2,933.3,0.0
2019-07-17 10:10:00,3.4,3.41,3.4,3.4,1193.0,0.0,0.0,3.406,3.407,3.398,1063.2,1053.5,958.9,0.01
2019-07-17 10:15:00,3.4,3.4,3.4,3.39,784.0,0.0,0.0,3.404,3.407,3.398,839.0,1044.6,991.3,0.01
2019-07-17 10:20:00,3.41,3.41,3.4,3.4,341.0,-0.01,-0.29,3.402,3.407,3.398,806.2,997.4,939.2,0.0
2019-07-17 10:25:00,3.4,3.42,3.41,3.4,1825.0,0.01,0.29,3.402,3.407,3.399,903.6,1015.6,967.85,0.02
2019-07-17 10:30:00,3.42,3.42,3.41,3.41,1378.0,-0.01,-0.29,3.404,3.406,3.4,1104.2,1066.1,1005.95,0.02
2019-07-17 10:35:00,3.41,3.41,3.41,3.4,1068.0,0.0,0.0,3.406,3.406,3.401,1079.2,1071.2,1027.1,0.01
2019-07-17 10:40:00,3.41,3.41,3.41,3.4,151.0,0.0,0.0,3.408,3.406,3.4025,952.6,895.8,1023.9,0.0
2019-07-17 10:45:00,3.41,3.41,3.41,3.4,226.0,0.0,0.0,3.41,3.406,3.4035,929.6,867.9,981.1,0.0
2019-07-17 10:50:00,3.41,3.41,3.41,3.4,282.0,0.0,0.0,3.41,3.406,3.4045,621.0,762.3,983.75,0.0
2019-07-17 10:55:00,3.41,3.41,3.41,3.4,211.0,0.0,0.0,3.41,3.407,3.406,387.6,745.9,974.05,0.0
2019-07-17 11:00:00,3.41,3.41,3.41,3.4,1772.0,0.0,0.0,3.41,3.408,3.4075,528.4,803.8,928.65,0.02
2019-07-17 11:05:00,3.41,3.41,3.41,3.4,61.0,0.0,0.0,3.41,3.409,3.408,510.4,731.5,888.05,0.0
2019-07-17 11:10:00,3.41,3.41,3.4,3.4,871.0,-0.01,-0.29,3.408,3.409,3.408,639.4,784.5,890.95,0.01
2019-07-17 11:15:00,3.4,3.41,3.4,3.4,74.0,0.0,0.0,3.406,3.408,3.4075,597.8,609.4,812.5,0.0
2019-07-17 11:20:00,3.4,3.41,3.41,3.4,34.0,0.01,0.29,3.406,3.408,3.407,562.4,475.0,770.55,0.0
2019-07-17 11:25:00,3.41,3.41,3.4,3.4,241.0,-0.01,-0.29,3.404,3.407,3.4065,256.2,392.3,731.75,0.0
2019-07-17 11:30:00,3.4,3.41,3.4,3.4,772.0,0.0,0.0,3.402,3.406,3.406,398.4,454.4,675.1,0.01
2019-07-17 13:05:00,3.4,3.41,3.41,3.4,1071.0,0.01,0.29,3.404,3.406,3.406,438.4,538.9,703.4,0.01
2019-07-17 13:10:00,3.41,3.41,3.4,3.4,1071.0,-0.01,-0.29,3.404,3.405,3.4055,637.8,617.8,690.05,0.01
2019-07-17 13:15:00,3.4,3.41,3.4,3.4,601.0,0.0,0.0,3.402,3.404,3.4055,751.2,656.8,701.35,0.01
2019-07-17 13:20:00,3.4,3.41,3.41,3.4,182.0,0.01,0.29,3.404,3.404,3.406,739.4,497.8,650.8,0.0
2019-07-17 13:25:00,3.4,3.41,3.41,3.4,295.0,0.01,0.29,3.406,3.404,3.4065,644.0,521.2,626.35,0.0
2019-07-17 13:30:00,3.41,3.41,3.41,3.41,157.0,0.0,0.0,3.406,3.405,3.407,461.2,449.8,617.15,0.0
2019-07-17 13:35:00,3.41,3.41,3.4,3.4,110.0,-0.01,-0.29,3.406,3.405,3.4065,269.0,453.4,531.4,0.0
2019-07-17 13:40:00,3.4,3.41,3.41,3.4,131.04,0.01,0.29,3.408,3.405,3.4065,175.01,463.1,469.05,0.0
2019-07-17 13:45:00,3.41,3.41,3.4,3.4,319.0,-0.01,-0.29,3.406,3.405,3.406,202.41,470.9,431.6,0.0
2019-07-17 13:50:00,3.4,3.41,3.4,3.4,248.0,0.0,0.0,3.404,3.405,3.4055,193.01,418.5,436.45,0.0
2019-07-17 13:55:00,3.4,3.41,3.4,3.4,326.0,0.0,0.0,3.402,3.404,3.405,226.81,344.0,441.45,0.0
2019-07-17 14:00:00,3.4,3.41,3.41,3.4,510.0,0.01,0.29,3.404,3.405,3.405,306.81,287.9,452.85,0.01
2019-07-17 14:05:00,3.41,3.41,3.41,3.4,505.0,0.0,0.0,3.404,3.406,3.405,381.6,278.3,467.55,0.01
2019-07-17 14:10:00,3.41,3.41,3.4,3.39,1922.0,-0.01,-0.29,3.404,3.405,3.4045,702.2,452.3,475.05,0.02
2019-07-17 14:15:00,3.4,3.4,3.4,3.39,565.0,0.0,0.0,3.404,3.404,3.404,765.6,479.3,500.25,0.01
2019-07-17 14:20:00,3.4,3.4,3.4,3.39,337.0,0.0,0.0,3.404,3.403,3.404,767.8,497.3,473.55,0.0
2019-07-17 14:25:00,3.4,3.4,3.4,3.4,69.0,0.0,0.0,3.402,3.403,3.404,679.6,493.2,473.3,0.0
2019-07-17 14:30:00,3.4,3.4,3.39,3.39,1453.0,-0.01,-0.29,3.398,3.401,3.403,869.2,625.4,544.25,0.02
2019-07-17 14:35:00,3.39,3.39,3.38,3.38,2604.0,-0.01,-0.29,3.394,3.399,3.402,1005.6,853.9,662.4,0.03
2019-07-17 14:40:00,3.38,3.39,3.38,3.38,1075.0,0.0,0.0,3.39,3.397,3.401,1107.6,936.6,677.55,0.01
2019-07-17 14:45:00,3.38,3.39,3.38,3.38,677.2,0.0,0.0,3.386,3.395,3.3995,1175.64,971.72,657.86,0.01
2019-07-17 14:50:00,3.38,3.39,3.38,3.37,1896.0,0.0,0.0,3.382,3.392,3.3985,1541.04,1110.32,699.11,0.02
2019-07-17 14:55:00,3.38,3.4,3.39,3.38,909.0,0.01,0.3,3.382,3.39,3.398,1432.24,1150.72,714.51,0.01
2019-07-17 15:00:00,3.39,3.39,3.39,3.38,179.0,0.0,0.0,3.384,3.389,3.397,947.24,976.42,714.36,0.0
2019-07-18 09:35:00,3.37,3.38,3.38,3.35,3049.0,0.01,0.3,3.384,3.387,3.3955,1342.04,1224.82,852.06,0.04
2019-07-18 09:40:00,3.38,3.38,3.36,3.35,2113.0,-0.02,-0.59,3.38,3.383,3.393,1629.2,1402.42,949.86,0.03
2019-07-18 09:45:00,3.36,3.36,3.36,3.35,1348.0,0.0,0.0,3.376,3.379,3.391,1519.6,1530.32,1011.76,0.02
2019-07-18 09:50:00,3.36,3.36,3.35,3.35,1104.0,-0.01,-0.3,3.368,3.375,3.388,1558.6,1495.42,1060.41,0.01
2019-07-18 09:55:00,3.36,3.36,3.36,3.35,662.0,0.0,0.0,3.362,3.373,3.386,1655.2,1301.22,1077.56,0.01
2019-07-18 10:00:00,3.36,3.36,3.35,3.35,1086.0,-0.01,-0.3,3.356,3.37,3.3835,1262.6,1302.32,1119.46,0.01
2019-07-18 10:05:00,3.35,3.35,3.35,3.34,1116.0,0.0,0.0,3.354,3.367,3.381,1063.2,1346.2,1158.96,0.01
2019-07-18 10:10:00,3.35,3.35,3.35,3.34,1040.0,0.0,0.0,3.352,3.364,3.378,1001.6,1260.6,1185.46,0.01
2019-07-18 10:15:00,3.35,3.36,3.35,3.34,1241.0,0.0,0.0,3.352,3.36,3.375,1029.0,1293.8,1222.26,0.01
2019-07-18 10:20:00,3.35,3.36,3.35,3.34,699.0,0.0,0.0,3.35,3.356,3.3725,1036.4,1345.8,1161.11,0.01
2019-07-18 10:25:00,3.35,3.35,3.35,3.34,946.0,0.0,0.0,3.35,3.353,3.37,1008.4,1135.5,1180.16,0.01
2019-07-18 10:30:00,3.35,3.36,3.36,3.34,435.0,0.01,0.3,3.352,3.353,3.368,872.2,967.7,1185.06,0.01
2019-07-18 10:35:00,3.36,3.36,3.35,3.35,175.0,-0.01,-0.3,3.352,3.352,3.3655,699.2,850.4,1190.36,0.0
2019-07-18 10:40:00,3.35,3.35,3.35,3.34,168.0,0.0,0.0,3.352,3.352,3.3635,484.6,756.8,1126.11,0.0
2019-07-18 10:45:00,3.35,3.36,3.35,3.34,594.0,0.0,0.0,3.352,3.351,3.362,463.6,750.0,1025.61,0.01
2019-07-18 10:50:00,3.35,3.36,3.35,3.35,138.0,0.0,0.0,3.352,3.351,3.3605,302.0,655.2,978.76,0.0
2019-07-18 10:55:00,3.35,3.36,3.35,3.35,636.0,0.0,0.0,3.35,3.351,3.359,342.2,607.2,976.7,0.01
2019-07-18 11:00:00,3.36,3.36,3.36,3.35,62.0,0.0,0.0,3.352,3.352,3.358,319.6,509.4,885.0,0.0
2019-07-18 11:05:00,3.36,3.36,3.35,3.35,398.0,-0.01,-0.3,3.352,3.352,3.356,365.6,425.1,859.45,0.0
2019-07-18 11:10:00,3.35,3.36,3.34,3.34,201.0,-0.01,-0.3,3.35,3.351,3.3535,287.0,375.3,860.55,0.0
2019-07-18 11:15:00,3.34,3.36,3.35,3.34,274.0,0.01,0.3,3.35,3.351,3.352,314.2,308.1,721.8,0.0
2019-07-18 11:20:00,3.35,3.35,3.35,3.34,23.0,0.0,0.0,3.35,3.35,3.3515,191.6,266.9,617.3,0.0
2019-07-18 11:25:00,3.35,3.35,3.35,3.34,154.0,0.0,0.0,3.348,3.35,3.351,210.0,264.8,557.6,0.0
2019-07-18 11:30:00,3.34,3.35,3.34,3.34,245.0,0.0,0.0,3.346,3.349,3.3505,179.4,272.5,514.65,0.0
2019-07-18 13:05:00,3.34,3.35,3.35,3.34,143.0,0.01,0.3,3.348,3.349,3.35,167.8,227.4,488.7,0.0
2019-07-18 13:10:00,3.35,3.35,3.35,3.34,561.0,0.0,0.0,3.348,3.349,3.35,225.2,269.7,462.45,0.01
2019-07-18 13:15:00,3.35,3.35,3.34,3.34,19.0,-0.01,-0.3,3.346,3.348,3.3495,224.4,208.0,407.6,0.0
2019-07-18 13:20:00,3.34,3.35,3.35,3.34,158.0,0.01,0.3,3.346,3.347,3.3495,225.2,217.6,363.5,0.0
2019-07-18 13:25:00,3.35,3.35,3.35,3.34,507.0,0.0,0.0,3.348,3.347,3.3495,277.6,228.5,326.8,0.01
2019-07-18 13:30:00,3.35,3.35,3.34,3.34,82.0,-0.01,-0.3,3.346,3.347,3.349,265.4,216.6,295.95,0.0
2019-07-18 13:35:00,3.34,3.35,3.34,3.34,132.0,0.0,0.0,3.344,3.346,3.3485,179.6,202.4,255.25,0.0
2019-07-18 13:40:00,3.34,3.35,3.34,3.34,928.0,0.0,0.0,3.344,3.345,3.3475,361.4,292.9,279.9,0.01
2019-07-18 13:45:00,3.34,3.35,3.34,3.34,251.0,0.0,0.0,3.342,3.344,3.347,380.0,302.6,283.7,0.0
2019-07-18 13:50:00,3.34,3.35,3.35,3.34,75.0,0.01,0.3,3.342,3.345,3.347,293.6,285.6,279.05,0.0
2019-07-18 13:55:00,3.35,3.36,3.36,3.35,1007.0,0.01,0.3,3.346,3.346,3.3475,478.6,372.0,299.7,0.01
2019-07-18 14:00:00,3.36,3.36,3.36,3.35,361.0,0.0,0.0,3.35,3.347,3.348,524.4,352.0,310.85,0.0
2019-07-18 14:05:00,3.36,3.36,3.36,3.35,153.0,0.0,0.0,3.354,3.349,3.3485,369.4,365.4,286.7,0.0
2019-07-18 14:10:00,3.36,3.36,3.36,3.35,636.0,0.0,0.0,3.358,3.35,3.3485,446.4,413.2,315.4,0.01
2019-07-18 14:15:00,3.36,3.36,3.36,3.35,44.0,0.0,0.0,3.36,3.351,3.349,440.2,366.9,297.7,0.0
2019-07-18 14:20:00,3.35,3.36,3.36,3.35,32.0,0.01,0.3,3.36,3.353,3.35,245.2,361.9,289.25,0.0
2019-07-18 14:25:00,3.36,3.36,3.36,3.35,104.0,0.0,0.0,3.36,3.355,3.3505,193.8,359.1,280.75,0.0
2019-07-18 14:30:00,3.36,3.36,3.36,3.35,629.0,0.0,0.0,3.36,3.357,3.351,289.0,329.2,311.05,0.01
2019-07-18 14:35:00,3.36,3.36,3.35,3.35,98.0,-0.01,-0.3,3.358,3.358,3.351,181.4,313.9,308.25,0.0
2019-07-18 14:40:00,3.35,3.36,3.35,3.35,429.0,0.0,0.0,3.356,3.358,3.3515,258.4,349.3,317.45,0.01
2019-07-18 14:45:00,3.35,3.36,3.35,3.35,1329.0,0.0,0.0,3.354,3.357,3.3515,517.8,381.5,376.75,0.02
2019-07-18 14:50:00,3.35,3.35,3.34,3.34,530.0,-0.01,-0.3,3.35,3.355,3.351,603.0,398.4,375.2,0.01
2019-07-18 14:55:00,3.34,3.35,3.35,3.34,1425.0,0.01,0.3,3.348,3.354,3.3515,762.2,525.6,445.5,0.02
2019-07-18 15:00:00,3.34,3.35,3.34,3.34,1058.0,0.0,0.0,3.346,3.352,3.351,954.2,567.8,490.5,0.01
2019-07-19 09:35:00,3.34,3.36,3.36,3.34,1357.0,0.02,0.6,3.348,3.352,3.3515,1139.8,699.1,533.0,0.02
2019-07-19 09:40:00,3.36,3.37,3.37,3.35,617.01,0.01,0.3,3.352,3.353,3.353,997.4,757.6,559.75,0.01
2019-07-19 09:45:00,3.37,3.37,3.37,3.36,463.0,0.0,0.0,3.358,3.354,3.3545,984.0,793.5,576.3,0.01
2019-07-19 09:50:00,3.37,3.37,3.37,3.35,680.0,0.0,0.0,3.362,3.355,3.356,835.0,798.6,563.9,0.01
2019-07-19 09:55:00,3.37,3.37,3.37,3.36,189.0,0.0,0.0,3.368,3.357,3.3575,661.2,807.7,560.8,0.0
2019-07-19 10:00:00,3.37,3.37,3.36,3.36,786.0,-0.01,-0.3,3.368,3.358,3.358,547.0,843.4,596.35,0.01
2019-07-19 10:05:00,3.36,3.37,3.37,3.36,1273.49,0.01,0.3,3.368,3.36,3.3585,678.3,837.85,609.68,0.02
2019-07-19 10:10:00,3.37,3.39,3.39,3.37,2912.0,0.02,0.59,3.372,3.365,3.36,1168.1,1076.05,737.23,0.04
2019-07-19 10:15:00,3.39,3.39,3.38,3.38,673.0,-0.01,-0.29,3.374,3.368,3.361,1166.7,1000.85,763.23,0.01
2019-07-19 10:20:00,3.38,3.38,3.37,3.37,428.0,-0.01,-0.3,3.374,3.371,3.3615,1214.5,937.85,752.83,0.01
2019-07-19 10:25:00,3.37,3.38,3.37,3.37,399.0,0.0,0.0,3.376,3.372,3.362,1137.1,842.05,770.58,0.0
2019-07-19 10:30:00,3.37,3.38,3.37,3.37,1055.0,0.0,0.0,3.376,3.372,3.3625,1093.4,885.85,821.73,0.01
2019-07-19 10:35:00,3.37,3.38,3.37,3.37,282.0,0.0,0.0,3.372,3.372,3.363,567.4,867.75,830.63,0.0
2019-07-19 10:40:00,3.37,3.38,3.37,3.37,299.0,0.0,0.0,3.37,3.372,3.3635,492.6,829.65,814.13,0.0
2019-07-19 10:45:00,3.37,3.38,3.38,3.37,555.0,0.01,0.3,3.372,3.373,3.365,518.0,866.25,836.98,0.01
2019-07-19 10:50:00,3.38,3.38,3.37,3.37,40.0,-0.01,-0.3,3.372,3.374,3.366,446.2,791.65,817.53,0.0
2019-07-19 10:55:00,3.37,3.38,3.37,3.37,110.0,0.0,0.0,3.372,3.374,3.367,257.2,675.3,756.58,0.0
2019-07-19 11:00:00,3.37,3.38,3.37,3.37,224.0,0.0,0.0,3.372,3.372,3.3685,245.6,406.5,741.28,0.0
2019-07-19 11:05:00,3.37,3.38,3.37,3.37,51.0,0.0,0.0,3.372,3.371,3.3695,196.0,344.3,672.58,0.0
2019-07-19 11:10:00,3.37,3.38,3.37,3.37,22.0,0.0,0.0,3.37,3.371,3.371,89.4,303.7,620.78,0.0
2019-07-19 11:15:00,3.37,3.38,3.37,3.37,14.0,0.0,0.0,3.37,3.371,3.3715,84.2,265.2,553.63,0.0
2019-07-19 11:20:00,3.37,3.38,3.37,3.37,93.0,0.0,0.0,3.37,3.371,3.3715,80.8,169.0,527.42,0.0
2019-07-19 11:25:00,3.37,3.38,3.38,3.37,40.0,0.01,0.3,3.372,3.372,3.372,44.0,144.8,506.27,0.0
2019-07-19 11:30:00,3.38,3.38,3.37,3.37,67.0,-0.01,-0.3,3.372,3.372,3.372,47.2,121.6,475.62,0.0
2019-07-19 13:05:00,3.38,3.38,3.38,3.37,181.0,0.0,0.0,3.374,3.372,3.3725,79.0,84.2,475.22,0.0
2019-07-19 13:10:00,3.38,3.38,3.37,3.37,123.0,-0.01,-0.3,3.374,3.372,3.373,100.8,92.5,442.07,0.0
2019-07-19 13:15:00,3.37,3.38,3.38,3.37,147.0,0.01,0.3,3.376,3.373,3.3735,111.6,96.2,385.75,0.0
2019-07-19 13:20:00,3.38,3.38,3.37,3.37,1768.0,-0.01,-0.3,3.374,3.373,3.3725,457.2,250.6,328.55,0.02
2019-07-19 13:25:00,3.37,3.37,3.36,3.36,45.0,-0.01,-0.3,3.372,3.372,3.3715,452.8,250.0,297.15,0.0
2019-07-19 13:30:00,3.36,3.37,3.37,3.36,45.0,0.01,0.3,3.37,3.372,3.3715,425.6,252.3,278.0,0.0
2019-07-19 13:35:00,3.37,3.37,3.37,3.36,31.0,0.0,0.0,3.37,3.372,3.3715,407.2,254.0,259.6,0.0
2019-07-19 13:40:00,3.37,3.37,3.36,3.36,199.0,-0.01,-0.3,3.366,3.371,3.371,417.6,264.6,216.8,0.0
2019-07-19 13:45:00,3.36,3.38,3.38,3.36,798.0,0.02,0.6,3.368,3.371,3.3715,223.6,340.4,242.6,0.01
2019-07-19 13:50:00,3.37,3.38,3.38,3.37,112.0,0.01,0.3,3.372,3.372,3.372,237.0,344.9,233.25,0.0
2019-07-19 13:55:00,3.38,3.38,3.36,3.36,482.0,-0.02,-0.59,3.37,3.37,3.371,324.4,375.0,229.6,0.01
2019-07-19 14:00:00,3.36,3.37,3.36,3.36,95.0,0.0,0.0,3.368,3.369,3.3705,337.2,372.2,232.35,0.0
2019-07-19 14:05:00,3.36,3.37,3.37,3.36,383.0,0.01,0.3,3.37,3.368,3.3705,374.0,395.8,246.0,0.0
2019-07-19 14:10:00,3.37,3.37,3.36,3.36,78.0,-0.01,-0.3,3.366,3.367,3.37,230.0,226.8,238.7,0.0
2019-07-19 14:15:00,3.36,3.37,3.36,3.36,36.0,0.0,0.0,3.362,3.367,3.3695,214.8,225.9,237.95,0.0
2019-07-19 14:20:00,3.36,3.37,3.37,3.36,321.0,0.01,0.3,3.364,3.367,3.3695,182.6,253.5,252.9,0.0
2019-07-19 14:25:00,3.37,3.37,3.37,3.36,337.0,0.0,0.0,3.366,3.367,3.3695,231.0,284.1,269.05,0.0
2019-07-19 14:30:00,3.37,3.37,3.36,3.36,145.0,-0.01,-0.3,3.364,3.367,3.369,183.4,278.7,271.65,0.0
2019-07-19 14:35:00,3.36,3.37,3.36,3.36,800.0,0.0,0.0,3.364,3.365,3.368,327.8,278.9,309.65,0.01
2019-07-19 14:40:00,3.36,3.37,3.37,3.36,382.0,0.01,0.3,3.366,3.364,3.368,397.0,305.9,325.4,0.0
2019-07-19 14:45:00,3.36,3.37,3.36,3.36,252.0,0.0,0.0,3.364,3.364,3.367,383.2,282.9,328.95,0.0
2019-07-19 14:50:00,3.36,3.37,3.36,3.36,1156.0,0.0,0.0,3.362,3.364,3.3665,547.0,389.0,380.6,0.01
2019-07-19 14:55:00,3.36,3.36,3.36,3.35,1916.51,0.0,0.0,3.362,3.363,3.3655,901.3,542.35,469.08,0.02
2019-07-19 15:00:00,3.36,3.36,3.35,3.35,409.0,-0.01,-0.3,3.36,3.362,3.3645,823.1,575.45,401.13,0.0
